VERTEX_SE3Motion 1 0.000000 0.000000 0.000000 0.000000 0.000000 0.000000
VERTEX_POSE_R3_SO3 1 -0.608827 -2.390152 -0.125032 -0.004002 0.020121 -0.187179
VERTEX_POSE_R3_SO3 4 0.124970 -2.273225 -0.194221 -0.007571 0.036611 -0.187767
VERTEX_POSE_R3_SO3 8 0.820329 -2.167959 -0.215532 0.001553 0.060441 -0.198282
VERTEX_POSE_R3_SO3 12 1.546162 -1.969891 -0.231242 0.010457 0.063824 -0.165221
VERTEX_POSE_R3_SO3 17 2.273450 -1.775896 -0.334560 0.017072 0.098801 -0.117073
VERTEX_POSE_R3_SO3 21 3.023620 -1.582126 -0.424105 0.005277 0.115645 -0.135045
VERTEX_POSE_R3_SO3 25 3.746725 -1.402691 -0.443489 0.025371 0.108615 -0.129405
VERTEX_POSE_R3_SO3 32 4.490673 -1.205984 -0.538558 0.028980 0.100474 -0.120431
VERTEX_POSE_R3_SO3 38 5.246374 -1.055015 -0.589664 0.048798 0.087313 -0.129815
VERTEX_POSE_R3_SO3 44 5.995267 -0.852996 -0.646623 0.037209 0.078433 -0.097805
VERTEX_POSE_R3_SO3 49 6.790980 -0.648999 -0.729830 0.052451 0.091484 -0.080968
VERTEX_POSE_R3_SO3 55 7.559304 -0.389344 -0.736417 0.048293 0.087147 -0.014759
VERTEX_POSE_R3_SO3 60 8.313967 -0.042564 -0.811555 0.045984 0.073845 0.012001
VERTEX_POSE_R3_SO3 68 9.055434 0.326308 -0.901146 0.021113 0.068852 0.057491
VERTEX_POSE_R3_SO3 75 9.849947 0.714810 -0.933725 0.022134 0.034307 0.081435
VERTEX_POSE_R3_SO3 81 10.619397 1.168105 -0.921541 0.039538 0.029597 0.125053
VERTEX_POSE_R3_SO3 86 11.345584 1.611561 -0.975203 0.046319 0.051375 0.160421
VERTEX_POSE_R3_SO3 90 12.117824 2.081798 -1.043096 0.045563 0.053271 0.212070
VERTEX_POSE_R3_SO3 96 12.929620 2.658558 -1.105181 0.047316 0.062539 0.233098
VERTEX_POSE_R3_SO3 101 13.760534 3.266796 -1.101769 0.068581 0.051200 0.246498
VERTEX_POSE_R3_SO3 107 14.600861 3.900260 -1.049207 0.084734 0.039835 0.283118
VERTEX_POSE_R3_SO3 112 15.466824 4.558504 -1.067417 0.076483 0.045466 0.288284
VERTEX_POSE_R3_SO3 119 16.341021 5.283067 -1.010308 0.093472 0.014531 0.319123
VERTEX_POSE_R3_SO3 123 17.204994 6.023382 -0.966641 0.096626 0.024595 0.328805
VERTEX_POSE_R3_SO3 128 18.080610 6.741969 -0.896367 0.102572 0.013900 0.350181
VERTEX_POSE_R3_SO3 132 18.993499 7.523412 -0.888252 0.083416 0.003767 0.394914
VERTEX_POSE_R3_SO3 135 19.932773 8.409991 -0.878902 0.081379 0.031822 0.414567
VERTEX_POSE_R3_SO3 138 20.813251 9.295462 -0.865263 0.076541 0.015822 0.451614
VERTEX_POSE_R3_SO3 142 21.657931 10.259193 -0.856244 0.034531 0.039007 0.474615
VERTEX_POSE_R3_SO3 145 22.531052 11.262202 -0.799506 0.047749 0.019035 0.492847
VERTEX_POSE_R3_SO3 149 23.301545 12.311597 -0.836747 0.070675 0.052589 0.538295
VERTEX_POSE_R3_SO3 152 24.064343 13.371364 -0.790437 0.084785 0.012074 0.576076
VERTEX_POSE_R3_SO3 156 24.797200 14.455897 -0.728111 0.133734 0.007061 0.612359
VERTEX_POSE_R3_SO3 160 25.504426 15.544897 -0.618075 0.134032 -0.008635 0.627602
VERTEX_POSE_R3_SO3 164 26.205870 16.727472 -0.589479 0.135468 0.009013 0.647785
VERTEX_POSE_R3_SO3 167 26.887854 17.909870 -0.394620 0.167199 -0.007188 0.659514
VERTEX_POSE_R3_SO3 172 27.527601 19.064763 -0.224409 0.165757 -0.041638 0.701271
VERTEX_POSE_R3_SO3 175 28.062958 20.256896 -0.085488 0.154126 -0.062883 0.740351
VERTEX_POSE_R3_SO3 179 28.611504 21.450180 0.113856 0.174833 -0.057467 0.783224
VERTEX_POSE_R3_SO3 182 29.086994 22.676720 0.334030 0.210692 -0.058380 0.835332
VERTEX_POSE_R3_SO3 187 29.455690 23.912695 0.621600 0.194631 -0.088319 0.893668
VERTEX_POSE_R3_SO3 190 29.752807 25.230396 0.877146 0.195186 -0.082294 0.960494
VERTEX_POSE_R3_SO3 193 29.953831 26.562052 1.131926 0.171632 -0.116713 1.034690
VERTEX_POSE_R3_SO3 196 30.095261 27.879097 1.342407 0.128562 -0.116164 1.079261
VERTEX_POSE_R3_SO3 201 30.124183 29.248003 1.594710 0.150531 -0.121072 1.134336
VERTEX_POSE_R3_SO3 205 30.097399 30.564479 1.916376 0.160935 -0.166029 1.193807
VERTEX_POSE_R3_SO3 209 30.069239 31.971937 2.222813 0.163333 -0.166015 1.234335
VERTEX_POSE_R3_SO3 213 29.937036 33.333739 2.499789 0.157745 -0.191597 1.276529
VERTEX_POSE_R3_SO3 218 29.752303 34.696858 2.763239 0.155739 -0.224860 1.340416
VERTEX_POSE_R3_SO3 220 29.471441 36.027560 3.023414 0.161289 -0.220064 1.409633
VERTEX_POSE_R3_SO3 224 29.042370 37.357225 3.327376 0.157186 -0.264878 1.467514
VERTEX_POSE_R3_SO3 229 28.593700 38.658606 3.630493 0.156011 -0.312616 1.506236
VERTEX_POSE_R3_SO3 233 28.110914 39.904944 3.964142 0.193334 -0.338972 1.516137
VERTEX_POSE_R3_SO3 238 27.598130 41.039512 4.418312 0.203560 -0.397449 1.561488
VERTEX_POSE_R3_SO3 242 27.015109 42.267929 4.782229 0.164575 -0.429904 1.631021
VERTEX_POSE_R3_SO3 245 26.345465 43.370378 5.132227 0.166727 -0.468724 1.691051
VERTEX_POSE_R3_SO3 248 25.516204 44.427443 5.412067 0.165647 -0.508740 1.764741
VERTEX_POSE_R3_SO3 253 24.594040 45.431698 5.753984 0.174373 -0.543975 1.799398
VERTEX_POSE_R3_SO3 256 23.682874 46.391335 6.049730 0.162809 -0.576676 1.846384
VERTEX_POSE_R3_SO3 259 22.733140 47.288815 6.394930 0.180980 -0.668557 1.907553
VERTEX_POSE_R3_SO3 263 21.730828 48.068124 6.751409 0.214626 -0.735241 1.931975
VERTEX_POSE_R3_SO3 267 20.615913 48.816691 7.026516 0.203049 -0.837177 2.007563
VERTEX_POSE_R3_SO3 270 19.508111 49.513247 7.374948 0.249281 -0.919061 2.045372
VERTEX_POSE_R3_SO3 275 18.317826 50.112190 7.676949 0.272478 -1.071292 2.054833
VERTEX_POSE_R3_SO3 279 17.072955 50.550479 8.027796 0.308218 -1.208280 2.040564
VERTEX_POSE_R3_SO3 281 15.808134 50.977577 8.366487 0.356503 -1.395130 1.988944
VERTEX_POSE_R3_SO3 285 14.473978 51.296229 8.624218 0.388105 -1.618446 1.933205
VERTEX_POSE_R3_SO3 289 13.097546 51.542841 8.922204 0.412062 -1.862677 1.787725
VERTEX_POSE_R3_SO3 294 11.774064 51.738770 9.248889 0.447434 -2.117814 1.538471
VERTEX_POSE_R3_SO3 299 10.380921 51.951625 9.549463 0.510243 -2.398965 1.190214
VERTEX_POSE_R3_SO3 302 9.027272 52.055308 9.888206 0.565976 -2.644046 0.709764
VERTEX_POSE_R3_SO3 307 7.727298 52.113960 10.164202 0.565496 -2.842758 0.129608
VERTEX_POSE_R3_SO3 311 6.375241 52.100550 10.478064 0.588028 -2.874682 -0.551198
VERTEX_POSE_R3_SO3 313 5.013046 51.989064 10.831060 0.552838 -2.734337 -1.166675
VERTEX_POSE_R3_SO3 317 3.655397 51.774474 11.185879 0.506210 -2.484911 -1.698095
VERTEX_POSE_R3_SO3 320 2.288184 51.557516 11.576135 0.405364 -2.250719 -2.063564
VERTEX_POSE_R3_SO3 325 0.962368 51.202702 11.972099 0.372759 -1.947691 -2.346399
VERTEX_POSE_R3_SO3 329 -0.276015 50.844266 12.355552 0.304170 -1.681808 -2.544019
VERTEX_POSE_R3_SO3 331 -1.536683 50.392156 12.658056 0.278673 -1.438770 -2.623715
VERTEX_POSE_R3_SO3 336 -2.738026 49.829181 13.003951 0.231753 -1.280136 -2.669386
VERTEX_POSE_R3_SO3 340 -3.962498 49.227731 13.336053 0.197366 -1.120222 -2.712878
VERTEX_POSE_R3_SO3 344 -5.088463 48.603313 13.612224 0.195957 -0.974033 -2.738284
VERTEX_POSE_R3_SO3 348 -6.215416 47.825604 13.847004 0.152318 -0.849979 -2.738432
VERTEX_POSE_R3_SO3 352 -7.254014 47.029923 14.113282 0.163141 -0.781179 -2.698895
VERTEX_POSE_R3_SO3 357 -8.234348 46.090561 14.310369 0.183823 -0.671121 -2.629772
VERTEX_POSE_R3_SO3 362 -9.076388 45.132369 14.579459 0.177348 -0.633899 -2.587104
VERTEX_POSE_R3_SO3 367 -9.948406 44.130256 14.674489 0.230235 -0.573762 -2.571038
VERTEX_POSE_R3_SO3 370 -10.809506 43.094290 14.815865 0.212954 -0.512418 -2.551771
VERTEX_POSE_R3_SO3 374 -11.541008 41.973398 14.978051 0.227762 -0.442997 -2.473505
VERTEX_POSE_R3_SO3 378 -12.203954 40.826765 15.120089 0.235139 -0.427062 -2.443031
VERTEX_POSE_R3_SO3 381 -12.812048 39.597177 15.227885 0.219054 -0.340799 -2.395222
VERTEX_POSE_R3_SO3 384 -13.377410 38.392113 15.334954 0.170733 -0.316534 -2.374769
VERTEX_POSE_R3_SO3 388 -13.914799 37.205788 15.477839 0.151417 -0.306826 -2.321786
VERTEX_POSE_R3_SO3 392 -14.390453 35.931258 15.593407 0.164197 -0.263485 -2.280069
VERTEX_POSE_R3_SO3 396 -14.876887 34.613192 15.643818 0.136929 -0.214790 -2.240715
VERTEX_POSE_R3_SO3 400 -15.219297 33.333889 15.687690 0.121716 -0.189245 -2.188179
VERTEX_POSE_R3_SO3 403 -15.462496 32.011428 15.757363 0.099700 -0.180308 -2.119571
VERTEX_POSE_R3_SO3 406 -15.607360 30.621038 15.830173 0.108497 -0.169908 -2.063542
VERTEX_POSE_R3_SO3 408 -15.685513 29.253650 15.885921 0.103401 -0.148096 -2.002736
VERTEX_POSE_R3_SO3 411 -15.758373 27.876869 15.918087 0.115309 -0.103710 -1.979454
VERTEX_POSE_R3_SO3 415 -15.762648 26.501935 15.957136 0.112265 -0.095518 -1.938334
VERTEX_POSE_R3_SO3 420 -15.682313 25.149032 15.960772 0.099143 -0.073328 -1.897835
VERTEX_POSE_R3_SO3 425 -15.498677 23.715480 15.960878 0.064016 -0.041655 -1.795007
VERTEX_POSE_R3_SO3 430 -15.217870 22.394465 16.053546 0.038588 -0.072524 -1.720110
VERTEX_POSE_R3_SO3 434 -14.792814 21.075577 16.049997 0.034810 -0.044878 -1.650599
VERTEX_POSE_R3_SO3 438 -14.383260 19.768979 16.054402 0.047007 0.005269 -1.618975
VERTEX_POSE_R3_SO3 443 -13.887704 18.402625 16.072362 0.053549 -0.035127 -1.587279
VERTEX_POSE_R3_SO3 447 -13.382917 17.091539 16.044262 0.071910 -0.006612 -1.553481
VERTEX_POSE_R3_SO3 451 -12.769203 15.724094 16.049302 0.067494 -0.012572 -1.503904
VERTEX_POSE_R3_SO3 455 -12.039411 14.442634 15.998384 0.053497 0.031851 -1.453796
VERTEX_POSE_R3_SO3 459 -11.350924 13.142486 15.952902 0.066663 0.003741 -1.434287
VERTEX_POSE_R3_SO3 463 -10.533226 11.866326 15.930587 0.076416 -0.003799 -1.404946
VERTEX_POSE_R3_SO3 467 -9.668171 10.513383 15.924501 0.074482 -0.029212 -1.384718
VERTEX_POSE_R3_SO3 470 -8.828273 9.237069 15.937151 0.093651 -0.009225 -1.370069
VERTEX_POSE_R3_SO3 474 -7.912309 7.967161 15.991810 0.069321 -0.034321 -1.334345
VERTEX_POSE_R3_SO3 479 -6.926519 6.724831 15.985831 0.099482 -0.011519 -1.295069
VERTEX_POSE_R3_SO3 484 -5.913419 5.466778 15.914979 0.079027 0.009824 -1.293279
VERTEX_POSE_R3_SO3 488 -4.897329 4.120135 15.807964 0.088933 0.035118 -1.272861
VERTEX_POSE_R3_SO3 491 -3.837943 2.864470 15.678090 0.094186 0.036943 -1.255594
VERTEX_POSE_R3_SO3 494 -2.802001 1.625851 15.586237 0.134169 0.041500 -1.257731
VERTEX_POSE_R3_SO3 497 -1.727714 0.393146 15.425050 0.121506 0.041965 -1.245354
VERTEX_POINT_3D 2 5.104916 -1.012087 0.046472
VERTEX_POINT_3D 3 6.799678 -2.064892 0.013748
VERTEX_POINT_3D 5 8.697463 -1.836571 0.946630
VERTEX_POINT_3D 6 6.683073 -0.978621 -0.185691
VERTEX_POINT_3D 7 8.413427 -2.010320 -0.199764
VERTEX_POINT_3D 9 8.193574 -0.995500 -0.337886
VERTEX_POINT_3D 10 11.613387 0.461403 2.310570
VERTEX_POINT_3D 11 9.974876 -1.967607 -0.441972
VERTEX_POINT_3D 13 11.806123 -1.223839 0.618300
VERTEX_POINT_3D 14 9.677484 -0.611763 -0.433283
VERTEX_POINT_3D 15 12.993107 1.127968 2.270101
VERTEX_POINT_3D 16 11.513680 -1.423998 -0.529132
VERTEX_POINT_3D 18 11.102286 0.068127 -0.791648
VERTEX_POINT_3D 19 12.186099 1.944820 0.312195
VERTEX_POINT_3D 20 13.035714 -0.576724 -1.000359
VERTEX_POINT_3D 22 12.686706 0.179650 -1.125163
VERTEX_POINT_3D 23 15.856496 1.413563 -4.241918
VERTEX_POINT_3D 24 14.592028 -0.386836 -1.406646
VERTEX_POINT_3D 26 16.350755 0.102760 -0.218490
VERTEX_POINT_3D 27 14.153648 0.517655 -1.134889
VERTEX_POINT_3D 28 17.366993 1.958824 -4.115107
VERTEX_POINT_3D 29 17.421958 2.543650 1.470129
VERTEX_POINT_3D 30 15.159223 2.394770 0.034785
VERTEX_POINT_3D 31 16.095806 -0.015868 -1.336909
VERTEX_POINT_3D 33 17.908461 0.576042 -0.268695
VERTEX_POINT_3D 34 15.655330 0.896110 -1.206407
VERTEX_POINT_3D 35 18.717415 3.023768 1.434794
VERTEX_POINT_3D 36 16.568313 2.840358 0.037426
VERTEX_POINT_3D 37 17.604695 0.406638 -1.435905
VERTEX_POINT_3D 39 17.128250 1.003445 -1.062863
VERTEX_POINT_3D 40 20.268234 2.729927 -4.037216
VERTEX_POINT_3D 41 20.212722 3.137122 1.635497
VERTEX_POINT_3D 42 18.007470 2.925615 0.169276
VERTEX_POINT_3D 43 19.136899 0.597124 -1.322879
VERTEX_POINT_3D 45 18.554596 1.687669 -1.118138
VERTEX_POINT_3D 46 21.588488 3.613059 -4.011714
VERTEX_POINT_3D 47 21.486042 4.012605 1.627594
VERTEX_POINT_3D 48 20.540939 1.391538 -1.307088
VERTEX_POINT_3D 50 22.248554 2.131237 -0.432198
VERTEX_POINT_3D 51 20.030993 2.255630 -1.361375
VERTEX_POINT_3D 52 22.918707 4.314162 -4.217902
VERTEX_POINT_3D 53 20.668166 4.171648 -0.041954
VERTEX_POINT_3D 54 21.989286 2.021352 -1.617180
VERTEX_POINT_3D 56 21.200954 3.452723 -1.349116
VERTEX_POINT_3D 57 23.815704 6.052220 1.423220
VERTEX_POINT_3D 58 21.739480 5.506368 -0.043030
VERTEX_POINT_3D 59 23.245304 3.454774 -1.555658
VERTEX_POINT_3D 61 24.749648 4.546949 -0.338634
VERTEX_POINT_3D 62 22.505045 4.325396 -1.303667
VERTEX_POINT_3D 63 25.143949 6.804025 -4.123376
VERTEX_POINT_3D 64 24.929833 7.023626 1.534557
VERTEX_POINT_3D 65 22.903260 6.333906 0.029476
VERTEX_POINT_3D 66 24.502888 4.320553 -1.493584
VERTEX_POINT_3D 67 26.312576 9.459165 -3.988430
VERTEX_POINT_3D 69 23.646007 5.453098 -1.458762
VERTEX_POINT_3D 70 26.137887 8.104669 -4.326955
VERTEX_POINT_3D 71 25.880438 8.339504 1.303194
VERTEX_POINT_3D 72 23.895288 7.520230 -0.171144
VERTEX_POINT_3D 73 25.651092 5.675088 -1.655671
VERTEX_POINT_3D 74 27.153251 10.846732 -4.204701
VERTEX_POINT_3D 76 27.037160 6.806688 0.007476
VERTEX_POINT_3D 77 24.889254 6.309814 -1.007986
VERTEX_POINT_3D 78 27.364047 9.092612 -3.734930
VERTEX_POINT_3D 79 26.910225 9.325169 1.854936
VERTEX_POINT_3D 80 26.942685 6.645886 -1.147223
VERTEX_POINT_3D 82 25.982636 7.595994 -0.852157
VERTEX_POINT_3D 83 27.761142 10.618199 2.096326
VERTEX_POINT_3D 84 25.971661 9.621085 0.528522
VERTEX_POINT_3D 85 27.927107 8.007349 -0.975563
VERTEX_POINT_3D 87 26.909633 8.742140 -1.243020
VERTEX_POINT_3D 88 28.646980 11.836495 1.726414
VERTEX_POINT_3D 89 26.824556 10.751624 0.159932
VERTEX_POINT_3D 91 29.830944 10.981992 -0.320120
VERTEX_POINT_3D 92 27.720727 10.164119 -1.350549
VERTEX_POINT_3D 93 29.588496 13.404193 -4.034111
VERTEX_POINT_3D 94 29.247018 13.372635 1.611836
VERTEX_POINT_3D 95 29.673240 10.847504 -1.503443
VERTEX_POINT_3D 97 28.729610 11.221105 -1.552983
VERTEX_POINT_3D 98 30.225805 14.492165 1.351701
VERTEX_POINT_3D 99 28.504086 13.240439 -0.148313
VERTEX_POINT_3D 100 30.664565 17.497132 -3.951471
VERTEX_POINT_3D 102 29.853827 12.228239 -1.252887
VERTEX_POINT_3D 103 31.450414 15.665435 -3.805227
VERTEX_POINT_3D 104 31.095683 15.407834 1.808667
VERTEX_POINT_3D 105 29.509518 14.156183 0.192831
VERTEX_POINT_3D 106 31.534031 18.599741 -3.466363
VERTEX_POINT_3D 108 30.620018 13.610598 -0.902053
VERTEX_POINT_3D 109 31.726375 16.756369 2.247695
VERTEX_POINT_3D 110 30.181454 15.452766 0.625863
VERTEX_POINT_3D 111 32.447202 14.486560 -1.023272
VERTEX_POINT_3D 113 33.618497 15.521641 0.028268
VERTEX_POINT_3D 114 31.658726 14.494269 -1.100974
VERTEX_POINT_3D 115 32.714658 17.759947 2.035434
VERTEX_POINT_3D 116 31.164451 16.377087 0.466682
VERTEX_POINT_3D 117 33.472693 15.464628 -1.164804
VERTEX_POINT_3D 118 32.814812 21.030828 -3.125783
VERTEX_POINT_3D 120 32.346849 15.874202 -0.339537
VERTEX_POINT_3D 121 33.169026 19.014260 2.915076
VERTEX_POINT_3D 122 31.740775 17.666606 1.258828
VERTEX_POINT_3D 124 33.224961 16.934044 -0.444859
VERTEX_POINT_3D 125 33.971328 20.063036 2.830254
VERTEX_POINT_3D 126 32.514562 18.697079 1.120864
VERTEX_POINT_3D 127 34.934474 18.009947 -0.505798
VERTEX_POINT_3D 129 33.896168 18.146397 -0.097727
VERTEX_POINT_3D 130 34.493960 21.303063 3.183085
VERTEX_POINT_3D 131 33.138003 19.865673 1.457385
VERTEX_POINT_3D 133 34.278599 19.728356 -0.025535
VERTEX_POINT_3D 134 34.609580 22.971090 3.264919
VERTEX_POINT_3D 136 34.927125 21.081867 -0.519058
VERTEX_POINT_3D 137 35.233746 24.338895 2.719810
VERTEX_POINT_3D 139 35.191722 22.604042 -0.231407
VERTEX_POINT_3D 140 35.243436 25.871563 3.037323
VERTEX_POINT_3D 141 34.167047 24.185991 1.323543
VERTEX_POINT_3D 143 35.597726 24.028008 -1.021049
VERTEX_POINT_3D 144 34.531004 25.633720 0.488057
VERTEX_POINT_3D 146 36.082403 25.362146 -0.480052
VERTEX_POINT_3D 147 35.933821 28.673722 2.713488
VERTEX_POINT_3D 148 34.938642 26.894383 1.024920
VERTEX_POINT_3D 150 36.024115 27.080992 -0.822230
VERTEX_POINT_3D 151 35.759769 30.300495 2.464346
VERTEX_POINT_3D 153 36.043476 28.578069 0.045584
VERTEX_POINT_3D 154 35.508280 31.679165 3.395716
VERTEX_POINT_3D 155 34.725221 29.888013 1.673507
VERTEX_POINT_3D 157 36.066768 30.035933 0.749254
VERTEX_POINT_3D 158 35.440246 32.955641 4.313733
VERTEX_POINT_3D 159 34.703724 31.200070 2.462674
VERTEX_POINT_3D 161 36.366007 31.272073 1.097993
VERTEX_POINT_3D 162 35.557764 34.100816 4.641139
VERTEX_POINT_3D 163 34.915240 32.359794 2.818672
VERTEX_POINT_3D 165 36.551728 32.625781 0.887893
VERTEX_POINT_3D 166 35.198977 33.652025 2.579359
VERTEX_POINT_3D 168 36.887011 33.781076 1.695238
VERTEX_POINT_3D 169 36.058942 36.461810 5.359562
VERTEX_POINT_3D 170 35.522712 34.744544 3.413524
VERTEX_POINT_3D 171 34.014934 40.047386 0.871672
VERTEX_POINT_3D 173 36.690066 35.228813 2.347063
VERTEX_POINT_3D 174 35.248157 36.073139 4.061305
VERTEX_POINT_3D 176 36.496709 36.605131 2.577295
VERTEX_POINT_3D 177 35.203870 39.180086 6.242737
VERTEX_POINT_3D 178 34.949900 37.435118 4.272968
VERTEX_POINT_3D 180 36.274618 38.013793 2.961056
VERTEX_POINT_3D 181 32.616621 43.830628 2.198348
VERTEX_POINT_3D 183 35.881664 39.357301 3.570407
VERTEX_POINT_3D 184 34.561813 41.510055 7.411280
VERTEX_POINT_3D 185 34.310050 39.954108 5.381678
VERTEX_POINT_3D 186 31.908975 45.045795 3.060456
VERTEX_POINT_3D 188 35.255775 40.781257 4.005179
VERTEX_POINT_3D 189 33.599620 41.271004 5.773842
VERTEX_POINT_3D 191 34.520390 42.285631 4.108516
VERTEX_POINT_3D 192 32.854673 42.659919 5.850156
VERTEX_POINT_3D 194 33.522217 43.769246 4.378434
VERTEX_POINT_3D 195 31.610839 45.646274 8.172878
VERTEX_POINT_3D 197 32.990186 45.149726 3.976790
VERTEX_POINT_3D 198 31.001088 47.118418 7.603479
VERTEX_POINT_3D 199 31.230970 45.400834 5.658591
VERTEX_POINT_3D 200 27.966757 49.801878 3.000005
VERTEX_POINT_3D 202 32.157659 46.399732 4.446793
VERTEX_POINT_3D 203 30.136009 48.179281 8.147879
VERTEX_POINT_3D 204 30.360777 46.555758 6.131054
VERTEX_POINT_3D 206 31.109915 47.561845 5.269186
VERTEX_POINT_3D 207 28.868004 49.138147 8.996209
VERTEX_POINT_3D 208 29.293438 47.577123 6.929593
VERTEX_POINT_3D 210 30.415217 48.820187 5.517281
VERTEX_POINT_3D 211 28.629742 48.773028 7.178015
VERTEX_POINT_3D 212 24.709366 52.684952 4.730556
VERTEX_POINT_3D 214 29.583013 49.990859 5.816671
VERTEX_POINT_3D 215 27.181502 51.368237 9.540195
VERTEX_POINT_3D 216 27.774185 49.792711 7.498446
VERTEX_POINT_3D 217 23.676380 53.626947 4.997804
VERTEX_POINT_3D 219 28.307173 51.048567 6.236849
VERTEX_POINT_3D 221 26.918611 52.112327 6.375861
VERTEX_POINT_3D 222 25.179009 51.654385 8.018225
VERTEX_POINT_3D 223 20.632292 54.956613 5.508457
VERTEX_POINT_3D 225 25.517866 53.041978 6.762749
VERTEX_POINT_3D 226 22.858792 53.798819 10.486160
VERTEX_POINT_3D 227 23.748765 52.486937 8.395875
VERTEX_POINT_3D 228 19.098535 55.456725 5.801033
VERTEX_POINT_3D 230 24.409475 53.886019 7.259158
VERTEX_POINT_3D 231 21.603795 54.490381 10.898170
VERTEX_POINT_3D 232 22.637578 53.268419 8.786411
VERTEX_POINT_3D 234 23.703377 54.789564 8.086240
VERTEX_POINT_3D 235 20.981387 55.206101 11.787713
VERTEX_POINT_3D 236 21.982030 53.991795 9.707283
VERTEX_POINT_3D 237 17.153380 56.841447 7.290692
VERTEX_POINT_3D 239 22.451474 55.335068 8.854784
VERTEX_POINT_3D 240 19.623437 55.530297 12.521123
VERTEX_POINT_3D 241 20.681698 54.428280 10.365361
VERTEX_POINT_3D 243 20.839585 56.138063 8.612707
VERTEX_POINT_3D 244 19.114951 55.186696 10.106553
VERTEX_POINT_3D 246 19.276100 56.627981 8.926785
VERTEX_POINT_3D 247 12.485611 57.526682 7.706196
VERTEX_POINT_3D 249 17.510481 56.946203 9.020515
VERTEX_POINT_3D 250 14.490073 56.581669 12.507127
VERTEX_POINT_3D 251 15.892193 55.771254 10.483475
VERTEX_POINT_3D 252 10.649408 57.381978 7.697276
VERTEX_POINT_3D 254 16.135842 57.453606 9.333867
VERTEX_POINT_3D 255 14.587271 56.213987 10.816619
VERTEX_POINT_3D 257 14.709080 57.935178 9.323301
VERTEX_POINT_3D 258 11.739527 57.416879 12.857505
VERTEX_POINT_3D 260 12.969368 57.898994 9.730166
VERTEX_POINT_3D 261 11.573351 56.512755 11.126296
VERTEX_POINT_3D 262 6.171138 57.245193 8.294599
VERTEX_POINT_3D 264 11.649700 58.085309 10.384380
VERTEX_POINT_3D 265 8.801416 57.148643 13.836048
VERTEX_POINT_3D 266 10.294203 56.628561 11.785643
VERTEX_POINT_3D 268 9.724195 57.933560 10.052993
VERTEX_POINT_3D 269 8.465038 56.311800 11.519941
VERTEX_POINT_3D 271 8.131246 57.796868 10.559452
VERTEX_POINT_3D 272 5.425405 56.443807 14.005399
VERTEX_POINT_3D 273 7.077549 56.109933 11.967443
VERTEX_POINT_3D 274 1.644758 55.783855 9.183975
VERTEX_POINT_3D 276 6.607608 57.653294 10.786688
VERTEX_POINT_3D 277 3.886268 56.040179 14.166574
VERTEX_POINT_3D 278 5.570627 55.866349 12.182761
VERTEX_POINT_3D 280 5.099067 57.392094 11.141060
VERTEX_POINT_3D 282 3.691270 57.140803 11.574395
VERTEX_POINT_3D 283 1.168858 55.249507 14.950235
VERTEX_POINT_3D 284 -2.457140 54.149980 10.033601
VERTEX_POINT_3D 286 1.987273 56.574537 11.415443
VERTEX_POINT_3D 287 1.253596 54.632988 12.714404
VERTEX_POINT_3D 288 -3.799333 53.187739 9.670222
VERTEX_POINT_3D 290 0.569361 56.372810 11.423641
VERTEX_POINT_3D 291 -1.950005 54.270910 14.673641
VERTEX_POINT_3D 292 -0.149068 54.472754 12.725753
VERTEX_POINT_3D 293 -5.135455 52.833937 9.654973
VERTEX_POINT_3D 295 -0.682562 56.378340 11.827903
VERTEX_POINT_3D 296 -3.123734 54.248378 15.146563
VERTEX_POINT_3D 297 -1.300014 54.383260 13.190729
VERTEX_POINT_3D 298 -6.328653 52.723425 10.085275
VERTEX_POINT_3D 300 -2.021938 55.940679 12.179816
VERTEX_POINT_3D 301 -2.573789 53.986065 13.569149
VERTEX_POINT_3D 303 -3.413977 55.445916 12.716047
VERTEX_POINT_3D 304 -5.497582 53.109220 16.081636
VERTEX_POINT_3D 305 -3.841116 53.490768 14.103854
VERTEX_POINT_3D 306 -8.748530 51.259212 11.170787
VERTEX_POINT_3D 308 -4.716943 55.159219 12.634824
VERTEX_POINT_3D 309 -6.785216 52.857063 16.033748
VERTEX_POINT_3D 310 -5.086851 53.227953 14.010068
VERTEX_POINT_3D 312 -5.978013 54.392257 12.981734
VERTEX_POINT_3D 314 -7.242862 53.571375 13.611769
VERTEX_POINT_3D 315 -8.965904 50.897454 16.986721
VERTEX_POINT_3D 316 -7.430631 51.513434 14.987175
VERTEX_POINT_3D 318 -8.507269 52.503670 14.170157
VERTEX_POINT_3D 319 -8.531178 50.388520 15.413120
VERTEX_POINT_3D 321 -9.695099 52.063881 14.475738
VERTEX_POINT_3D 322 -11.182288 49.148263 17.873719
VERTEX_POINT_3D 323 -9.632626 49.973305 15.831175
VERTEX_POINT_3D 324 -14.091673 46.909682 12.927361
VERTEX_POINT_3D 326 -10.899859 50.767547 14.835000
VERTEX_POINT_3D 327 -12.166963 47.687390 17.981202
VERTEX_POINT_3D 328 -14.879941 45.402163 12.998420
VERTEX_POINT_3D 330 -11.959679 49.891941 15.202737
VERTEX_POINT_3D 332 -12.970176 48.398459 15.444960
VERTEX_POINT_3D 333 -13.820418 45.062859 18.456013
VERTEX_POINT_3D 334 -12.519001 46.278096 16.565140
VERTEX_POINT_3D 335 -16.280875 42.676206 13.344613
VERTEX_POINT_3D 337 -13.940395 47.396514 15.745148
VERTEX_POINT_3D 338 -14.618513 44.014476 18.897105
VERTEX_POINT_3D 339 -13.388153 45.260199 16.912297
VERTEX_POINT_3D 341 -14.964135 46.376598 15.966493
VERTEX_POINT_3D 342 -14.391325 44.225769 17.089734
VERTEX_POINT_3D 343 -17.849558 40.407311 13.849032
VERTEX_POINT_3D 345 -15.969629 45.350636 15.879078
VERTEX_POINT_3D 346 -15.281847 43.178606 16.941047
VERTEX_POINT_3D 347 -18.547255 39.257055 13.628304
VERTEX_POINT_3D 349 -16.887230 44.173992 16.150502
VERTEX_POINT_3D 350 -16.164530 42.091222 17.213324
VERTEX_POINT_3D 351 -19.290111 38.123872 13.830860
VERTEX_POINT_3D 353 -17.696312 42.878637 16.198106
VERTEX_POINT_3D 354 -17.999064 39.362268 19.207291
VERTEX_POINT_3D 355 -16.893653 40.828273 17.296323
VERTEX_POINT_3D 356 -19.729195 36.610594 13.970504
VERTEX_POINT_3D 358 -18.245488 41.002338 16.095299
VERTEX_POINT_3D 359 -18.245914 37.419181 18.995212
VERTEX_POINT_3D 360 -17.282750 39.051445 17.163348
VERTEX_POINT_3D 361 -19.605054 34.606346 13.685001
VERTEX_POINT_3D 363 -18.836797 39.713237 16.303610
VERTEX_POINT_3D 364 -18.758236 36.188874 19.298416
VERTEX_POINT_3D 365 -17.788351 37.825742 17.434844
VERTEX_POINT_3D 366 -19.889089 33.230058 14.025556
VERTEX_POINT_3D 368 -19.587790 38.461731 15.775226
VERTEX_POINT_3D 369 -20.333570 32.010196 13.306984
VERTEX_POINT_3D 371 -20.307162 37.253415 15.832462
VERTEX_POINT_3D 372 -20.123825 33.681912 18.693323
VERTEX_POINT_3D 373 -19.178617 35.346542 16.989842
VERTEX_POINT_3D 375 -20.487120 35.446217 15.757016
VERTEX_POINT_3D 376 -20.080877 31.822407 18.587498
VERTEX_POINT_3D 377 -19.248817 33.662527 16.879721
VERTEX_POINT_3D 379 -21.018877 34.110684 15.729027
VERTEX_POINT_3D 380 -20.521048 30.504100 18.612575
VERTEX_POINT_3D 382 -21.230745 32.555378 15.718277
VERTEX_POINT_3D 383 -19.825996 30.763211 16.782775
VERTEX_POINT_3D 385 -21.625703 31.312476 16.087897
VERTEX_POINT_3D 386 -20.796085 27.643808 18.825158
VERTEX_POINT_3D 387 -20.200425 29.593313 17.103556
VERTEX_POINT_3D 389 -21.843955 29.830245 16.312348
VERTEX_POINT_3D 390 -20.336109 28.259122 17.448180
VERTEX_POINT_3D 391 -20.921713 23.442825 13.627985
VERTEX_POINT_3D 393 -21.993879 28.315141 16.203989
VERTEX_POINT_3D 394 -20.411391 26.789941 17.252316
VERTEX_POINT_3D 395 -20.747821 22.070019 13.390205
VERTEX_POINT_3D 397 -22.188957 26.825340 16.263999
VERTEX_POINT_3D 398 -20.518586 25.375328 17.272072
VERTEX_POINT_3D 399 -20.771671 20.694734 13.363655
VERTEX_POINT_3D 401 -22.132018 25.353736 16.334331
VERTEX_POINT_3D 402 -20.431689 23.916718 17.302027
VERTEX_POINT_3D 404 -21.860832 23.713166 16.488113
VERTEX_POINT_3D 405 -20.107001 20.425230 19.197183
VERTEX_POINT_3D 407 -21.646412 22.135993 16.443225
VERTEX_POINT_3D 409 -21.217904 20.581881 16.495740
VERTEX_POINT_3D 410 -19.278441 19.520596 17.487192
VERTEX_POINT_3D 412 -21.190838 19.225079 16.217955
VERTEX_POINT_3D 413 -19.195715 18.148030 17.185904
VERTEX_POINT_3D 414 -18.262954 13.724658 13.093125
VERTEX_POINT_3D 416 -20.913498 17.804840 16.184609
VERTEX_POINT_3D 417 -18.660826 14.726464 18.772040
VERTEX_POINT_3D 418 -18.947452 16.820209 17.201932
VERTEX_POINT_3D 419 -17.856519 12.417951 13.152936
VERTEX_POINT_3D 421 -20.626188 16.460697 16.204267
VERTEX_POINT_3D 422 -18.221598 13.399793 18.751647
VERTEX_POINT_3D 423 -18.575169 15.543335 17.151696
VERTEX_POINT_3D 424 -17.355893 11.191536 13.056494
VERTEX_POINT_3D 426 -19.632332 14.757414 16.354699
VERTEX_POINT_3D 427 -16.912987 11.969272 18.780945
VERTEX_POINT_3D 428 -17.504830 13.996999 17.242457
VERTEX_POINT_3D 429 -15.936990 9.808073 13.113777
VERTEX_POINT_3D 431 -18.868272 13.351462 16.732569
VERTEX_POINT_3D 432 -16.681376 12.843348 17.658110
VERTEX_POINT_3D 433 -14.842580 8.547731 13.704754
VERTEX_POINT_3D 435 -17.931530 11.976572 16.584444
VERTEX_POINT_3D 436 -14.903457 9.672708 19.138016
VERTEX_POINT_3D 437 -15.733092 11.535174 17.546069
VERTEX_POINT_3D 439 -17.378823 10.746939 16.303192
VERTEX_POINT_3D 440 -14.156583 8.400966 18.653324
VERTEX_POINT_3D 441 -15.092849 10.348659 17.216047
VERTEX_POINT_3D 442 -12.983356 6.525595 12.958032
VERTEX_POINT_3D 444 -16.698544 9.486131 16.364900
VERTEX_POINT_3D 445 -13.520288 7.315998 18.937321
VERTEX_POINT_3D 446 -14.452888 9.186033 17.390683
VERTEX_POINT_3D 448 -15.949041 8.287237 16.057505
VERTEX_POINT_3D 449 -12.711532 6.161420 18.559659
VERTEX_POINT_3D 450 -13.692710 8.029615 17.036176
VERTEX_POINT_3D 452 -14.898683 6.988877 16.097297
VERTEX_POINT_3D 453 -11.541959 5.090005 18.680155
VERTEX_POINT_3D 454 -12.707168 6.906523 17.140983
VERTEX_POINT_3D 456 -13.757826 5.858955 15.923435
VERTEX_POINT_3D 457 -11.447659 5.875627 16.884363
VERTEX_POINT_3D 458 -8.523998 2.721507 12.593366
VERTEX_POINT_3D 460 -12.841493 4.845510 15.880135
VERTEX_POINT_3D 461 -9.339433 3.181079 18.428325
VERTEX_POINT_3D 462 -10.604719 4.905789 16.921557
VERTEX_POINT_3D 464 -11.700205 3.843993 15.795432
VERTEX_POINT_3D 465 -8.182463 2.359028 18.411945
VERTEX_POINT_3D 466 -9.516672 4.011224 16.893988
VERTEX_POINT_3D 468 -10.559263 2.733938 15.880834
VERTEX_POINT_3D 469 -8.363293 3.073643 16.997001
VERTEX_POINT_3D 471 -9.438969 1.887892 15.671486
VERTEX_POINT_3D 472 -7.281627 2.235573 16.800335
VERTEX_POINT_3D 473 -3.547810 -0.292250 12.729564
VERTEX_POINT_3D 475 -8.075690 0.964649 15.948449
VERTEX_POINT_3D 476 -4.474549 0.083734 18.695782
VERTEX_POINT_3D 477 -5.990973 1.514278 17.086905
VERTEX_POINT_3D 478 -1.956329 -0.836064 13.127197
VERTEX_POINT_3D 480 -6.598461 0.229028 15.668173
VERTEX_POINT_3D 481 -2.976826 -0.479838 18.432971
VERTEX_POINT_3D 482 -4.530490 0.898610 16.851377
VERTEX_POINT_3D 483 -0.375416 -1.044436 12.856130
VERTEX_POINT_3D 485 -5.304525 -0.448101 15.626665
VERTEX_POINT_3D 486 -1.592595 -1.073188 18.257724
VERTEX_POINT_3D 487 -3.263299 0.260673 16.745162
VERTEX_POINT_3D 489 -3.908437 -1.190262 15.393151
VERTEX_POINT_3D 490 -1.865005 -0.361259 16.524553
VERTEX_POINT_3D 492 -2.459626 -1.721548 15.206208
VERTEX_POINT_3D 493 -0.529474 -0.845569 16.407690
VERTEX_POINT_3D 495 -1.077451 -2.228877 15.045128
VERTEX_POINT_3D 496 2.654110 -2.476758 17.747454
VERTEX_POINT_3D 498 0.385745 -2.635685 14.921136
VERTEX_POINT_3D 499 4.103883 -2.657227 17.625808
VERTEX_POINT_3D 500 2.199745 -1.608733 16.186864
