VERTEX_POSE_R3_SO3 1 -1.509006 2.310558 0.325000 -0.003761 -0.005235 -0.796459
VERTEX_POSE_R3_SO3 2 -1.509063 2.310530 0.325000 -0.011443 -0.001476 -0.797369
VERTEX_POSE_R3_SO3 3 -1.353506 2.167855 0.325000 -0.009485 -0.001154 -0.799452
VERTEX_POSE_R3_SO3 4 -1.115107 1.942179 0.325000 -0.003059 -0.001256 -0.807950
VERTEX_POSE_R3_SO3 5 -1.072847 1.806994 0.325000 -0.010602 -0.015779 -1.469299
VERTEX_POSE_R3_SO3 6 -1.045077 1.620102 0.325000 -0.016156 -0.020992 -1.468928
VERTEX_POSE_R3_SO3 7 -1.018509 1.433595 0.325000 -0.005962 -0.007326 -1.432066
VERTEX_POSE_R3_SO3 8 -1.009060 1.385906 0.325000 -0.003480 -0.000512 -1.234690
VERTEX_POSE_R3_SO3 9 -1.009060 1.385906 0.325000 -0.003480 -0.000512 -1.234690
VERTEX_POSE_R3_SO3 10 -1.009060 1.385906 0.325000 -0.003480 -0.000512 -1.234690
VERTEX_POSE_R3_SO3 11 -0.928624 1.324913 0.325000 0.001039 -0.000086 -0.546165
VERTEX_POSE_R3_SO3 12 -0.928624 1.324913 0.325000 0.001039 -0.000086 -0.546165
VERTEX_POSE_R3_SO3 13 -0.771388 1.241693 0.325000 -0.006260 0.002690 -0.602068
VERTEX_POSE_R3_SO3 14 -0.771388 1.241693 0.325000 -0.006260 0.002690 -0.602068
VERTEX_POSE_R3_SO3 15 -0.740410 1.223304 0.325000 -0.008539 -0.001479 -0.755600
VERTEX_POSE_R3_SO3 16 -0.740410 1.223304 0.325000 -0.008539 -0.001479 -0.755600
VERTEX_POSE_R3_SO3 17 -0.620029 1.119591 0.325000 -0.009306 0.001141 -0.767008
VERTEX_POSE_R3_SO3 18 -0.620029 1.119591 0.325000 -0.009306 0.001141 -0.767008
VERTEX_POSE_R3_SO3 19 -0.475963 0.992955 0.325000 -0.004725 0.000460 -0.771027
VERTEX_POSE_R3_SO3 20 -0.333090 0.868188 0.325000 -0.005747 -0.001832 -0.778025
VERTEX_POSE_R3_SO3 21 -0.243593 0.789251 0.325000 -0.007841 -0.002245 -0.978806
VERTEX_POSE_R3_SO3 22 -0.243593 0.789251 0.325000 -0.007841 -0.002245 -0.978806
VERTEX_POSE_R3_SO3 23 -0.224961 0.784690 0.325000 -0.011958 -0.005534 -1.909651
VERTEX_POSE_R3_SO3 24 -0.212758 0.777361 0.325000 0.020140 0.009470 3.388004
VERTEX_POSE_R3_SO3 25 -0.214310 0.765376 0.325000 0.010181 0.008695 2.414553
VERTEX_POSE_R3_SO3 26 -0.333223 0.989147 0.325000 0.014394 0.005161 2.869591
VERTEX_POSE_R3_SO3 27 -0.496779 1.010426 0.325000 0.015713 0.007237 2.229831
VERTEX_POSE_R3_SO3 28 -0.497815 1.008962 0.325000 0.014164 0.007679 2.108446
