EDGE_3D 1 5 1 3.952000 0.530726 -0.082451 0.040000 0.000000 0.000000 0.040000 0.000000 0.040000 
EDGE_3D 1 4 2 3.698000 0.180469 -0.084177 0.040000 0.000000 0.000000 0.040000 0.000000 0.040000 
EDGE_3D 1 6 3 2.063000 -0.405859 -0.256250 0.040000 0.000000 0.000000 0.040000 0.000000 0.040000 
EDGE_3D 1 7 4 1.980000 -0.481849 -0.252382 0.040000 0.000000 0.000000 0.040000 0.000000 0.040000 
EDGE_3D 1 8 5 1.915000 -0.565700 -0.254479 0.040000 0.000000 0.000000 0.040000 0.000000 0.040000 
EDGE_3D 1 9 6 1.804000 -0.306003 -0.259289 0.040000 0.000000 0.000000 0.040000 0.000000 0.040000 
EDGE_3D 1 10 7 1.969000 -0.799423 -0.246710 0.040000 0.000000 0.000000 0.040000 0.000000 0.040000 
EDGE_3D 2 5 1 3.952000 0.542354 -0.070939 0.040000 0.000000 0.000000 0.040000 0.000000 0.040000 
EDGE_3D 2 4 8 3.698000 0.078449 -0.090438 0.040000 0.000000 0.000000 0.040000 0.000000 0.040000 
EDGE_3D 2 6 3 2.076000 -0.408417 -0.253363 0.040000 0.000000 0.000000 0.040000 0.000000 0.040000 
EDGE_3D 2 7 4 1.980000 -0.483996 -0.256676 0.040000 0.000000 0.000000 0.040000 0.000000 0.040000 
EDGE_3D 2 8 5 1.925000 -0.560305 -0.255808 0.040000 0.000000 0.000000 0.040000 0.000000 0.040000 
EDGE_3D 2 9 6 1.795000 -0.290852 -0.259942 0.040000 0.000000 0.000000 0.040000 0.000000 0.040000 
EDGE_3D 2 10 7 1.980000 -0.810330 -0.245941 0.040000 0.000000 0.000000 0.040000 0.000000 0.040000 
EDGE_3D 3 5 1 3.779000 0.559588 -0.035052 0.040000 0.000000 0.000000 0.040000 0.000000 0.040000 
EDGE_3D 3 4 9 3.406000 -0.333993 -0.057445 0.040000 0.000000 0.000000 0.040000 0.000000 0.040000 
EDGE_3D 3 3 10 4.243000 -0.779527 -0.163576 0.040000 0.000000 0.000000 0.040000 0.000000 0.040000 
EDGE_3D 3 6 3 1.980000 -0.430322 -0.252382 0.040000 0.000000 0.000000 0.040000 0.000000 0.040000 
EDGE_3D 3 7 4 1.873000 -0.506582 -0.252959 0.040000 0.000000 0.000000 0.040000 0.000000 0.040000 
EDGE_3D 3 7 4 1.824000 -0.598152 -0.250297 0.040000 0.000000 0.000000 0.040000 0.000000 0.040000 
EDGE_3D 3 9 6 1.741000 -0.329297 -0.265336 0.040000 0.000000 0.000000 0.040000 0.000000 0.040000 
EDGE_3D 3 10 7 1.958000 -0.877757 -0.253824 0.040000 0.000000 0.000000 0.040000 0.000000 0.040000 
EDGE_3D 4 5 1 3.406000 0.570832 -0.042672 0.040000 0.000000 0.000000 0.040000 0.000000 0.040000 
EDGE_3D 4 3 11 2.649000 -0.906038 -0.104996 0.040000 0.000000 0.000000 0.040000 0.000000 0.040000 
EDGE_3D 4 6 3 1.759000 -0.422345 -0.252821 0.040000 0.000000 0.000000 0.040000 0.000000 0.040000 
EDGE_3D 4 7 4 1.681000 -0.511157 -0.254369 0.040000 0.000000 0.000000 0.040000 0.000000 0.040000 
EDGE_3D 4 8 5 1.611000 -0.606909 -0.252511 0.040000 0.000000 0.000000 0.040000 0.000000 0.040000 
EDGE_3D 4 9 6 1.532000 -0.326312 -0.266707 0.040000 0.000000 0.000000 0.040000 0.000000 0.040000 
EDGE_3D 5 4 12 2.359000 0.382570 -0.075597 0.040000 0.000000 0.000000 0.040000 0.000000 0.040000 
EDGE_3D 5 3 13 2.551000 0.092842 -0.156434 0.040000 0.000000 0.000000 0.040000 0.000000 0.040000 
EDGE_3D 5 6 3 1.539000 0.705157 -0.286282 0.040000 0.000000 0.000000 0.040000 0.000000 0.040000 
EDGE_3D 5 7 4 1.519000 0.582345 -0.282562 0.040000 0.000000 0.000000 0.040000 0.000000 0.040000 
EDGE_3D 5 8 5 1.506000 0.463053 -0.283409 0.040000 0.000000 0.000000 0.040000 0.000000 0.040000 
EDGE_3D 5 9 6 1.277000 0.622497 -0.291547 0.040000 0.000000 0.000000 0.040000 0.000000 0.040000 
EDGE_3D 5 10 7 1.673000 0.316669 -0.271299 0.040000 0.000000 0.000000 0.040000 0.000000 0.040000 
EDGE_3D 5 11 36 1.596000 -0.729320 -0.258813 0.040000 0.000000 0.000000 0.040000 0.000000 0.040000 
EDGE_3D 6 4 15 2.181000 0.268567 -0.081717 0.040000 0.000000 0.000000 0.040000 0.000000 0.040000 
EDGE_3D 6 3 16 2.140000 -0.026535 -0.147473 0.040000 0.000000 0.000000 0.040000 0.000000 0.040000 
EDGE_3D 6 6 3 1.461000 0.712191 -0.292367 0.040000 0.000000 0.000000 0.040000 0.000000 0.040000 
EDGE_3D 6 7 4 1.480000 0.599489 -0.299379 0.040000 0.000000 0.000000 0.040000 0.000000 0.040000 
EDGE_3D 6 8 5 1.467000 0.474922 -0.295158 0.040000 0.000000 0.000000 0.040000 0.000000 0.040000 
EDGE_3D 6 9 6 1.232000 0.652659 -0.307991 0.040000 0.000000 0.000000 0.040000 0.000000 0.040000 
EDGE_3D 6 10 7 1.698000 0.339813 -0.293765 0.040000 0.000000 0.000000 0.040000 0.000000 0.040000 
EDGE_3D 6 11 36 1.611000 -0.774604 -0.282207 0.040000 0.000000 0.000000 0.040000 0.000000 0.040000 
EDGE_3D 7 4 17 1.873000 0.039734 -0.045806 0.040000 0.000000 0.000000 0.040000 0.000000 0.040000 
EDGE_3D 7 3 18 2.051000 -0.296750 -0.121325 0.040000 0.000000 0.000000 0.040000 0.000000 0.040000 
EDGE_3D 7 6 3 1.413000 0.747013 -0.293486 0.040000 0.000000 0.000000 0.040000 0.000000 0.040000 
EDGE_3D 7 7 4 1.374000 0.605718 -0.289856 0.040000 0.000000 0.000000 0.040000 0.000000 0.040000 
EDGE_3D 7 8 5 1.390000 0.481645 -0.293231 0.040000 0.000000 0.000000 0.040000 0.000000 0.040000 
EDGE_3D 7 9 6 1.131000 0.659246 -0.304816 0.040000 0.000000 0.000000 0.040000 0.000000 0.040000 
EDGE_3D 7 10 7 1.634000 0.334092 -0.286236 0.040000 0.000000 0.000000 0.040000 0.000000 0.040000 
EDGE_3D 8 4 19 1.634000 -0.459659 -0.020472 0.040000 0.000000 0.000000 0.040000 0.000000 0.040000 
EDGE_3D 8 6 3 1.431000 0.439993 -0.275502 0.040000 0.000000 0.000000 0.040000 0.000000 0.040000 
EDGE_3D 8 7 4 1.407000 0.322768 -0.275458 0.040000 0.000000 0.000000 0.040000 0.000000 0.040000 
EDGE_3D 8 8 5 1.390000 0.199800 -0.275145 0.040000 0.000000 0.000000 0.040000 0.000000 0.040000 
EDGE_3D 8 9 6 1.127000 0.419842 -0.282964 0.040000 0.000000 0.000000 0.040000 0.000000 0.040000 
EDGE_3D 8 10 7 1.567000 0.011154 -0.264305 0.040000 0.000000 0.000000 0.040000 0.000000 0.040000 
EDGE_3D 9 1 20 3.475000 1.882350 -0.164112 0.040000 0.000000 0.000000 0.040000 0.000000 0.040000 
EDGE_3D 9 4 21 1.342000 -0.603064 -0.019723 0.040000 0.000000 0.000000 0.040000 0.000000 0.040000 
EDGE_3D 9 6 3 1.467000 0.277677 -0.266526 0.040000 0.000000 0.000000 0.040000 0.000000 0.040000 
EDGE_3D 9 7 4 1.396000 0.164334 -0.267250 0.040000 0.000000 0.000000 0.040000 0.000000 0.040000 
EDGE_3D 9 8 5 1.379000 0.050188 -0.266986 0.040000 0.000000 0.000000 0.040000 0.000000 0.040000 
EDGE_3D 9 9 6 1.161000 0.294031 -0.282688 0.040000 0.000000 0.000000 0.040000 0.000000 0.040000 
EDGE_3D 10 6 3 1.480000 0.174222 -0.265678 0.040000 0.000000 0.000000 0.040000 0.000000 0.040000 
EDGE_3D 10 7 4 1.407000 0.074091 -0.267830 0.040000 0.000000 0.000000 0.040000 0.000000 0.040000 
EDGE_3D 10 8 5 1.413000 -0.045099 -0.268972 0.040000 0.000000 0.000000 0.040000 0.000000 0.040000 
EDGE_3D 10 9 6 1.197000 0.216188 -0.279772 0.040000 0.000000 0.000000 0.040000 0.000000 0.040000 
EDGE_3D 10 10 7 1.539000 -0.271065 -0.259582 0.040000 0.000000 0.000000 0.040000 0.000000 0.040000 
EDGE_3D 11 5 1 1.958000 0.094614 -0.024531 0.040000 0.000000 0.000000 0.040000 0.000000 0.040000 
EDGE_3D 11 2 22 1.814000 -0.089369 -0.042396 0.040000 0.000000 0.000000 0.040000 0.000000 0.040000 
EDGE_3D 11 1 23 1.969000 -0.342531 -0.056694 0.040000 0.000000 0.000000 0.040000 0.000000 0.040000 
EDGE_3D 11 6 3 1.379000 -0.528480 -0.261005 0.040000 0.000000 0.000000 0.040000 0.000000 0.040000 
EDGE_3D 11 7 4 1.263000 -0.592214 -0.266439 0.040000 0.000000 0.000000 0.040000 0.000000 0.040000 
EDGE_3D 11 9 6 1.131000 -0.347593 -0.275384 0.040000 0.000000 0.000000 0.040000 0.000000 0.040000 
EDGE_3D 12 5 1 2.967000 0.127285 -0.027521 0.040000 0.000000 0.000000 0.040000 0.000000 0.040000 
EDGE_3D 12 2 24 1.925000 -0.190853 -0.034554 0.040000 0.000000 0.000000 0.040000 0.000000 0.040000 
EDGE_3D 12 1 25 1.814000 -0.408013 -0.046330 0.040000 0.000000 0.000000 0.040000 0.000000 0.040000 
EDGE_3D 12 6 3 1.321000 -0.556385 -0.265783 0.040000 0.000000 0.000000 0.040000 0.000000 0.040000 
EDGE_3D 12 9 6 1.061000 -0.358292 -0.280198 0.040000 0.000000 0.000000 0.040000 0.000000 0.040000 
EDGE_3D 13 5 1 2.869000 0.166633 -0.032833 0.040000 0.000000 0.000000 0.040000 0.000000 0.040000 
EDGE_3D 13 2 26 1.936000 -0.257020 -0.036850 0.040000 0.000000 0.000000 0.040000 0.000000 0.040000 
EDGE_3D 13 1 27 1.833000 -0.458000 -0.054765 0.040000 0.000000 0.000000 0.040000 0.000000 0.040000 
EDGE_3D 13 6 3 1.268000 -0.550561 -0.272994 0.040000 0.000000 0.000000 0.040000 0.000000 0.040000 
EDGE_3D 13 9 6 0.977000 -0.348995 -0.284499 0.040000 0.000000 0.000000 0.040000 0.000000 0.040000 
EDGE_3D 14 5 1 2.754000 0.604897 -0.043462 0.040000 0.000000 0.000000 0.040000 0.000000 0.040000 
EDGE_3D 14 2 28 2.003000 -0.013977 -0.048985 0.040000 0.000000 0.000000 0.040000 0.000000 0.040000 
EDGE_3D 14 1 29 1.947000 -0.216257 -0.068727 0.040000 0.000000 0.000000 0.040000 0.000000 0.040000 
EDGE_3D 14 6 3 1.287000 -0.345298 -0.278480 0.040000 0.000000 0.000000 0.040000 0.000000 0.040000 
EDGE_3D 14 7 4 1.177000 -0.440857 -0.278927 0.040000 0.000000 0.000000 0.040000 0.000000 0.040000 
EDGE_3D 14 8 5 1.098000 -0.539848 -0.281635 0.040000 0.000000 0.000000 0.040000 0.000000 0.040000 
EDGE_3D 14 9 6 0.980000 -0.201299 -0.289623 0.040000 0.000000 0.000000 0.040000 0.000000 0.040000 
EDGE_3D 15 5 1 2.754000 0.682538 -0.037490 0.040000 0.000000 0.000000 0.040000 0.000000 0.040000 
EDGE_3D 15 2 30 2.101000 -0.003270 -0.049104 0.040000 0.000000 0.000000 0.040000 0.000000 0.040000 
EDGE_3D 15 6 3 1.268000 -0.308578 -0.274369 0.040000 0.000000 0.000000 0.040000 0.000000 0.040000 
EDGE_3D 15 7 4 1.177000 -0.408951 -0.281479 0.040000 0.000000 0.000000 0.040000 0.000000 0.040000 
EDGE_3D 15 8 5 1.105000 -0.506147 -0.281035 0.040000 0.000000 0.000000 0.040000 0.000000 0.040000 
EDGE_3D 15 9 6 0.972000 -0.177523 -0.289367 0.040000 0.000000 0.000000 0.040000 0.000000 0.040000 
EDGE_3D 16 5 1 2.733000 0.724748 -0.031277 0.040000 0.000000 0.000000 0.040000 0.000000 0.040000 
EDGE_3D 16 2 31 2.167000 -0.017471 -0.043597 0.040000 0.000000 0.000000 0.040000 0.000000 0.040000 
EDGE_3D 16 6 3 1.245000 -0.301631 -0.277492 0.040000 0.000000 0.000000 0.040000 0.000000 0.040000 
EDGE_3D 16 7 4 1.142000 -0.398028 -0.279300 0.040000 0.000000 0.000000 0.040000 0.000000 0.040000 
EDGE_3D 16 8 5 1.081000 -0.501015 -0.283136 0.040000 0.000000 0.000000 0.040000 0.000000 0.040000 
EDGE_3D 16 9 6 0.942000 -0.172044 -0.289628 0.040000 0.000000 0.000000 0.040000 0.000000 0.040000 
EDGE_3D 17 5 1 2.629000 0.734227 -0.035788 0.040000 0.000000 0.000000 0.040000 0.000000 0.040000 
EDGE_3D 17 2 32 2.208000 -0.036955 -0.051604 0.040000 0.000000 0.000000 0.040000 0.000000 0.040000 
EDGE_3D 17 6 3 1.177000 -0.305576 -0.278927 0.040000 0.000000 0.000000 0.040000 0.000000 0.040000 
EDGE_3D 17 7 4 1.061000 -0.407762 -0.281349 0.040000 0.000000 0.000000 0.040000 0.000000 0.040000 
EDGE_3D 17 8 5 0.997000 -0.508568 -0.281674 0.040000 0.000000 0.000000 0.040000 0.000000 0.040000 
EDGE_3D 17 9 6 0.867000 -0.175268 -0.293832 0.040000 0.000000 0.000000 0.040000 0.000000 0.040000 
EDGE_3D 18 5 1 2.514000 0.718466 -0.034223 0.040000 0.000000 0.000000 0.040000 0.000000 0.040000 
EDGE_3D 18 2 33 2.252000 -0.057226 -0.037982 0.040000 0.000000 0.000000 0.040000 0.000000 0.040000 
EDGE_3D 18 6 3 1.102000 -0.306418 -0.276687 0.040000 0.000000 0.000000 0.040000 0.000000 0.040000 
EDGE_3D 18 7 4 1.000000 -0.419016 -0.282522 0.040000 0.000000 0.000000 0.040000 0.000000 0.040000 
EDGE_3D 18 9 6 0.788000 -0.178950 -0.293546 0.040000 0.000000 0.000000 0.040000 0.000000 0.040000 
EDGE_3D 19 5 1 2.359000 0.743232 -0.026997 0.040000 0.000000 0.000000 0.040000 0.000000 0.040000 
EDGE_3D 19 2 34 2.281000 -0.065383 -0.048364 0.040000 0.000000 0.000000 0.040000 0.000000 0.040000 
EDGE_3D 19 6 3 0.974000 -0.321520 -0.287850 0.040000 0.000000 0.000000 0.040000 0.000000 0.040000 
EDGE_3D 19 7 4 0.862000 -0.436901 -0.292137 0.040000 0.000000 0.000000 0.040000 0.000000 0.040000 
EDGE_3D 20 5 1 2.266000 0.745873 -0.033304 0.040000 0.000000 0.000000 0.040000 0.000000 0.040000 
EDGE_3D 20 2 35 2.312000 -0.058751 -0.056542 0.040000 0.000000 0.000000 0.040000 0.000000 0.040000 
EDGE_3D 20 6 3 0.889000 -0.315632 -0.289720 0.040000 0.000000 0.000000 0.040000 0.000000 0.040000 
EDGE_3D 21 5 1 2.015000 1.082753 -0.018690 0.040000 0.000000 0.000000 0.040000 0.000000 0.040000 
EDGE_3D 21 2 36 2.343000 0.311380 -0.049679 0.040000 0.000000 0.000000 0.040000 0.000000 0.040000 
EDGE_3D 21 6 3 0.843000 -0.208807 -0.292096 0.040000 0.000000 0.000000 0.040000 0.000000 0.040000 
EDGE_3D 21 7 4 0.742000 -0.338265 -0.293305 0.040000 0.000000 0.000000 0.040000 0.000000 0.040000 
EDGE_3D 22 2 37 2.532000 1.286433 -0.067413 0.040000 0.000000 0.000000 0.040000 0.000000 0.040000 
EDGE_3D 22 6 3 0.854000 0.072751 -0.294056 0.040000 0.000000 0.000000 0.040000 0.000000 0.040000 
EDGE_3D 22 7 4 0.808000 -0.087118 -0.295739 0.040000 0.000000 0.000000 0.040000 0.000000 0.040000 
EDGE_3D 22 8 5 0.779000 -0.213227 -0.296106 0.040000 0.000000 0.000000 0.040000 0.000000 0.040000 
EDGE_3D 22 10 7 1.020000 -0.407489 -0.284854 0.040000 0.000000 0.000000 0.040000 0.000000 0.040000 
EDGE_3D 23 8 5 0.763000 0.246184 -0.297470 0.040000 0.000000 0.000000 0.040000 0.000000 0.040000 
EDGE_3D 23 10 7 1.058000 0.243854 -0.289731 0.040000 0.000000 0.000000 0.040000 0.000000 0.040000 
EDGE_3D 24 11 36 1.560000 0.327419 -0.271582 0.040000 0.000000 0.000000 0.040000 0.000000 0.040000 
EDGE_3D 24 12 134 1.385000 -0.068234 -0.272653 0.040000 0.000000 0.000000 0.040000 0.000000 0.040000 
EDGE_3D 25 4 39 3.621000 0.528340 -0.096407 0.040000 0.000000 0.000000 0.040000 0.000000 0.040000 
EDGE_3D 26 4 40 2.194000 -0.286514 -0.063172 0.040000 0.000000 0.000000 0.040000 0.000000 0.040000 
EDGE_3D 27 4 41 2.649000 0.653643 -0.087762 0.040000 0.000000 0.000000 0.040000 0.000000 0.040000 
EDGE_3D 28 4 42 1.131000 0.334261 -0.039923 0.040000 0.000000 0.000000 0.040000 0.000000 0.040000 
