VERTEX_POSE_R3_SO3 553 1.059900 2.470050 0.443747 -0.000725 0.000052 4.069166
VERTEX_POSE_R3_SO3 829 1.059889 2.470121 0.443762 -0.000851 0.000113 4.068980
VERTEX_POSE_R3_SO3 1105 1.059670 2.469794 0.443662 0.003601 0.001077 4.070139
VERTEX_POSE_R3_SO3 1381 1.059930 2.469952 0.443816 -0.000997 -0.000123 4.068809
VERTEX_POSE_R3_SO3 1657 1.059929 2.470191 0.443693 0.000205 0.000282 4.068981
VERTEX_POSE_R3_SO3 1933 1.059916 2.470113 0.443745 -0.000042 -0.000401 4.068811
VERTEX_POSE_R3_SO3 2209 1.059670 2.469793 0.443692 0.002717 0.001021 4.070142
VERTEX_POSE_R3_SO3 2485 1.058994 2.468638 0.444069 0.002619 0.001532 4.069387
VERTEX_POSE_R3_SO3 2761 1.059904 2.470164 0.443788 -0.000279 -0.000569 4.068908
VERTEX_POSE_R3_SO3 3037 1.059893 2.470084 0.443777 -0.001070 -0.000335 4.068930
VERTEX_POSE_R3_SO3 3313 1.059917 2.470111 0.443704 0.000207 -0.000485 4.069032
VERTEX_POSE_R3_SO3 3589 1.059892 2.470081 0.443798 -0.000928 -0.000630 4.068937
VERTEX_POSE_R3_SO3 3865 1.059695 2.469798 0.443640 0.002985 0.000995 4.070298
VERTEX_POSE_R3_SO3 4141 1.059870 2.470019 0.443886 -0.002024 -0.000578 4.069092
VERTEX_POSE_R3_SO3 4417 1.059937 2.470096 0.443833 -0.000996 -0.000101 4.068720
VERTEX_POSE_R3_SO3 4693 1.059907 2.469956 0.443850 -0.000973 0.000326 4.068657
VERTEX_POSE_R3_SO3 4969 1.059912 2.470125 0.443761 -0.000039 -0.000175 4.069026
VERTEX_POSE_R3_SO3 5245 1.059894 2.470084 0.443754 0.000060 -0.000439 4.068927
VERTEX_POSE_R3_SO3 5521 1.059924 2.470021 0.443800 -0.001050 0.000188 4.068730
VERTEX_POSE_R3_SO3 5797 1.059913 2.470107 0.443789 -0.001304 0.000035 4.068793
VERTEX_POSE_R3_SO3 6073 1.059912 2.470112 0.443766 -0.000584 0.000041 4.068791
VERTEX_POSE_R3_SO3 6349 1.059674 2.469766 0.443680 0.003292 0.000565 4.070189
VERTEX_POSE_R3_SO3 6625 0.959332 2.322353 0.443975 0.011865 0.009037 4.157512
VERTEX_POSE_R3_SO3 6901 0.800857 2.028308 0.444982 -0.008538 -0.006913 -2.015730
VERTEX_POSE_R3_SO3 7177 0.680387 1.706548 0.446463 -0.006204 -0.004152 -1.855361
VERTEX_POSE_R3_SO3 7453 0.611297 1.372364 0.445794 -0.005819 0.004006 -1.700578
VERTEX_POSE_R3_SO3 7729 0.592195 1.032444 0.447077 -0.012626 0.003005 -1.566624
VERTEX_POSE_R3_SO3 8005 0.617036 0.688828 0.447245 -0.010955 0.006184 -1.438493
