VERTEX_POSE_R3_SO3 1 1.498175 -0.366077 0.449411 -0.002947 0.000314 3.765679 
VERTEX_POSE_R3_SO3 2 1.287761 -0.503293 0.468504 0.014799 -0.005621 -2.648966 
VERTEX_POSE_R3_SO3 3 1.060990 -0.611708 0.485484 0.028455 -0.011383 -2.780364 
VERTEX_POSE_R3_SO3 4 0.821803 -0.689429 0.500182 0.043012 -0.017527 -2.911692 
VERTEX_POSE_R3_SO3 5 0.574355 -0.735097 0.512468 0.058554 -0.024089 -3.042938 
VERTEX_POSE_R3_SO3 6 0.322945 -0.747908 0.522255 -0.073589 0.030453 3.107032 
VERTEX_POSE_R3_SO3 7 0.071940 -0.727631 0.529498 -0.083714 0.034782 2.975135 
VERTEX_POSE_R3_SO3 8 -0.174299 -0.674607 0.534198 -0.092806 0.038673 2.843207 
VERTEX_POSE_R3_SO3 9 -0.411493 -0.589749 0.536396 -0.100956 0.042164 2.711253 
VERTEX_POSE_R3_SO3 10 -0.635523 -0.474521 0.536183 -0.108241 0.045288 2.579277 
VERTEX_POSE_R3_SO3 11 -0.842496 -0.330914 0.533685 -0.114730 0.048074 2.447286 
VERTEX_POSE_R3_SO3 12 -1.028817 -0.161414 0.529074 -0.120479 0.050547 2.315281 
VERTEX_POSE_R3_SO3 13 -1.191247 0.031046 0.522553 -0.125540 0.052727 2.183266 
VERTEX_POSE_R3_SO3 14 -1.326966 0.243132 0.514363 -0.129957 0.054634 2.051243 
VERTEX_POSE_R3_SO3 15 -1.433615 0.471169 0.504771 -0.133767 0.056284 1.919215 
VERTEX_POSE_R3_SO3 16 -1.509340 0.711207 0.494069 -0.137004 0.057690 1.787183 
VERTEX_POSE_R3_SO3 17 -1.552826 0.959086 0.482568 -0.139697 0.058866 1.655148 
VERTEX_POSE_R3_SO3 18 -1.563317 1.210509 0.470595 -0.141872 0.059821 1.523114 
VERTEX_POSE_R3_SO3 19 -1.540629 1.461119 0.458482 -0.143552 0.060567 1.391079 
VERTEX_POSE_R3_SO3 20 -1.485156 1.706573 0.446566 -0.144755 0.061110 1.259047 
VERTEX_POSE_R3_SO3 21 -1.397861 1.942618 0.435178 -0.145498 0.061459 1.127017 
VERTEX_POSE_R3_SO3 22 -1.280258 2.165161 0.424644 -0.145797 0.061618 0.994991 
VERTEX_POSE_R3_SO3 23 -1.134391 2.370349 0.415270 -0.145664 0.061595 0.862969 
VERTEX_POSE_R3_SO3 24 -0.962792 2.554626 0.407346 -0.145109 0.061392 0.730952 
VERTEX_POSE_R3_SO3 25 -0.768441 2.714801 0.401135 -0.144142 0.061014 0.598941 
VERTEX_POSE_R3_SO3 26 -0.554713 2.848102 0.396870 -0.142770 0.060465 0.466938 
VERTEX_POSE_R3_SO3 27 -0.325320 2.952223 0.394751 -0.140998 0.059746 0.334942 
VERTEX_POSE_R3_SO3 28 -0.084244 3.025365 0.394940 -0.138830 0.058859 0.202954 
