EDGE_R3_SO3 1 2 -0.016868 0.021167 0.005375 0.030168 -0.007737 -0.008291 0.001600 0.000000 0.000000 0.000000 0.000000 0.000000 0.001600 0.000000 0.000000 0.000000 0.000000 0.001600 0.000000 0.000000 0.000000 0.001218 0.000000 0.000000 0.001218 0.000000 0.001218
EDGE_R3_SO3 2 3 0.266183 0.011485 -0.017297 0.045843 0.021354 -0.007677 0.001600 0.000000 0.000000 0.000000 0.000000 0.000000 0.001600 0.000000 0.000000 0.000000 0.000000 0.001600 0.000000 0.000000 0.000000 0.001218 0.000000 0.000000 0.001218 0.000000 0.001218
EDGE_R3_SO3 3 4 0.332088 -0.053005 -0.020338 0.044120 0.013497 0.014797 0.001600 0.000000 0.000000 0.000000 0.000000 0.000000 0.001600 0.000000 0.000000 0.000000 0.000000 0.001600 0.000000 0.000000 0.000000 0.001218 0.000000 0.000000 0.001218 0.000000 0.001218
EDGE_R3_SO3 4 5 0.065320 -0.072713 -0.014964 -0.032632 -0.040878 -0.642031 0.001600 0.000000 0.000000 0.000000 0.000000 0.000000 0.001600 0.000000 0.000000 0.000000 0.000000 0.001600 0.000000 0.000000 0.000000 0.001218 0.000000 0.000000 0.001218 0.000000 0.001218
EDGE_R3_SO3 5 6 0.200949 0.058728 -0.026883 0.041239 -0.059920 0.041386 0.001600 0.000000 0.000000 0.000000 0.000000 0.000000 0.001600 0.000000 0.000000 0.000000 0.000000 0.001600 0.000000 0.000000 0.000000 0.001218 0.000000 0.000000 0.001218 0.000000 0.001218
EDGE_R3_SO3 6 7 0.141888 -0.007857 -0.033078 0.001936 0.002269 0.019730 0.001600 0.000000 0.000000 0.000000 0.000000 0.000000 0.001600 0.000000 0.000000 0.000000 0.000000 0.001600 0.000000 0.000000 0.000000 0.001218 0.000000 0.000000 0.001218 0.000000 0.001218
EDGE_R3_SO3 7 8 0.112754 -0.027091 -0.043089 0.014475 -0.026752 0.236074 0.001600 0.000000 0.000000 0.000000 0.000000 0.000000 0.001600 0.000000 0.000000 0.000000 0.000000 0.001600 0.000000 0.000000 0.000000 0.001218 0.000000 0.000000 0.001218 0.000000 0.001218
EDGE_R3_SO3 8 9 -0.048164 0.014694 0.046105 -0.059380 0.067764 0.021963 0.001600 0.000000 0.000000 0.000000 0.000000 0.000000 0.001600 0.000000 0.000000 0.000000 0.000000 0.001600 0.000000 0.000000 0.000000 0.001218 0.000000 0.000000 0.001218 0.000000 0.001218
EDGE_R3_SO3 9 10 0.009581 -0.017237 0.018860 -0.059320 0.009750 0.006549 0.001600 0.000000 0.000000 0.000000 0.000000 0.000000 0.001600 0.000000 0.000000 0.000000 0.000000 0.001600 0.000000 0.000000 0.000000 0.001218 0.000000 0.000000 0.001218 0.000000 0.001218
EDGE_R3_SO3 10 11 0.039576 0.075999 0.002952 0.026406 -0.019724 0.667857 0.001600 0.000000 0.000000 0.000000 0.000000 0.000000 0.001600 0.000000 0.000000 0.000000 0.000000 0.001600 0.000000 0.000000 0.000000 0.001218 0.000000 0.000000 0.001218 0.000000 0.001218
EDGE_R3_SO3 11 12 0.012944 -0.010176 -0.017100 -0.002329 -0.001662 0.023288 0.001600 0.000000 0.000000 0.000000 0.000000 0.000000 0.001600 0.000000 0.000000 0.000000 0.000000 0.001600 0.000000 0.000000 0.000000 0.001218 0.000000 0.000000 0.001218 0.000000 0.001218
EDGE_R3_SO3 12 13 0.167314 -0.031192 -0.042449 -0.019388 -0.043343 -0.025115 0.001600 0.000000 0.000000 0.000000 0.000000 0.000000 0.001600 0.000000 0.000000 0.000000 0.000000 0.001600 0.000000 0.000000 0.000000 0.001218 0.000000 0.000000 0.001218 0.000000 0.001218
EDGE_R3_SO3 13 14 0.017880 0.020665 0.009805 0.024529 0.031462 -0.027729 0.001600 0.000000 0.000000 0.000000 0.000000 0.000000 0.001600 0.000000 0.000000 0.000000 0.000000 0.001600 0.000000 0.000000 0.000000 0.001218 0.000000 0.000000 0.001218 0.000000 0.001218
EDGE_R3_SO3 14 15 -0.014995 0.022140 0.006689 -0.060326 -0.041331 -0.187214 0.001600 0.000000 0.000000 0.000000 0.000000 0.000000 0.001600 0.000000 0.000000 0.000000 0.000000 0.001600 0.000000 0.000000 0.000000 0.001218 0.000000 0.000000 0.001218 0.000000 0.001218
EDGE_R3_SO3 15 16 -0.044339 0.038877 -0.013379 0.043106 -0.020541 -0.021606 0.001600 0.000000 0.000000 0.000000 0.000000 0.000000 0.001600 0.000000 0.000000 0.000000 0.000000 0.001600 0.000000 0.000000 0.000000 0.001218 0.000000 0.000000 0.001218 0.000000 0.001218
EDGE_R3_SO3 16 17 0.117127 -0.004375 -0.009729 0.013062 0.035680 -0.067234 0.001600 0.000000 0.000000 0.000000 0.000000 0.000000 0.001600 0.000000 0.000000 0.000000 0.000000 0.001600 0.000000 0.000000 0.000000 0.001218 0.000000 0.000000 0.001218 0.000000 0.001218
EDGE_R3_SO3 17 18 0.064634 -0.005571 0.014018 0.019537 -0.040466 -0.018513 0.001600 0.000000 0.000000 0.000000 0.000000 0.000000 0.001600 0.000000 0.000000 0.000000 0.000000 0.001600 0.000000 0.000000 0.000000 0.001218 0.000000 0.000000 0.001218 0.000000 0.001218
EDGE_R3_SO3 18 19 0.176575 0.000597 -0.031269 -0.045272 -0.025407 -0.042549 0.001600 0.000000 0.000000 0.000000 0.000000 0.000000 0.001600 0.000000 0.000000 0.000000 0.000000 0.001600 0.000000 0.000000 0.000000 0.001218 0.000000 0.000000 0.001218 0.000000 0.001218
EDGE_R3_SO3 19 20 0.147596 0.025947 -0.015771 0.037386 0.090924 -0.033080 0.001600 0.000000 0.000000 0.000000 0.000000 0.000000 0.001600 0.000000 0.000000 0.000000 0.000000 0.001600 0.000000 0.000000 0.000000 0.001218 0.000000 0.000000 0.001218 0.000000 0.001218
EDGE_R3_SO3 20 21 0.192628 0.037471 0.011930 0.012734 0.021293 -0.223835 0.001600 0.000000 0.000000 0.000000 0.000000 0.000000 0.001600 0.000000 0.000000 0.000000 0.000000 0.001600 0.000000 0.000000 0.000000 0.001218 0.000000 0.000000 0.001218 0.000000 0.001218
EDGE_R3_SO3 21 22 0.058593 -0.027917 0.017358 -0.034333 -0.017410 -0.028859 0.001600 0.000000 0.000000 0.000000 0.000000 0.000000 0.001600 0.000000 0.000000 0.000000 0.000000 0.001600 0.000000 0.000000 0.000000 0.001218 0.000000 0.000000 0.001218 0.000000 0.001218
EDGE_R3_SO3 22 23 -0.025851 -0.004584 -0.073357 0.024732 0.003013 -0.925649 0.001600 0.000000 0.000000 0.000000 0.000000 0.000000 0.001600 0.000000 0.000000 0.000000 0.000000 0.001600 0.000000 0.000000 0.000000 0.001218 0.000000 0.000000 0.001218 0.000000 0.001218
EDGE_R3_SO3 23 24 -0.015087 -0.042710 0.015223 0.020252 0.015225 -0.923133 0.001600 0.000000 0.000000 0.000000 0.000000 0.000000 0.001600 0.000000 0.000000 0.000000 0.000000 0.001600 0.000000 0.000000 0.000000 0.001218 0.000000 0.000000 0.001218 0.000000 0.001218
EDGE_R3_SO3 24 25 0.051999 0.062603 0.046517 0.022874 0.097841 -0.911427 0.001600 0.000000 0.000000 0.000000 0.000000 0.000000 0.001600 0.000000 0.000000 0.000000 0.000000 0.001600 0.000000 0.000000 0.000000 0.001218 0.000000 0.000000 0.001218 0.000000 0.001218
EDGE_R3_SO3 25 26 0.195130 -0.031683 0.030844 -0.002446 0.003058 0.521349 0.001600 0.000000 0.000000 0.000000 0.000000 0.000000 0.001600 0.000000 0.000000 0.000000 0.000000 0.001600 0.000000 0.000000 0.000000 0.001218 0.000000 0.000000 0.001218 0.000000 0.001218
EDGE_R3_SO3 26 27 0.190965 0.062142 -0.008533 -0.019925 -0.050457 -0.579332 0.001600 0.000000 0.000000 0.000000 0.000000 0.000000 0.001600 0.000000 0.000000 0.000000 0.000000 0.001600 0.000000 0.000000 0.000000 0.001218 0.000000 0.000000 0.001218 0.000000 0.001218
EDGE_R3_SO3 27 28 -0.005832 -0.011687 0.031438 0.011736 -0.005409 -0.107498 0.001600 0.000000 0.000000 0.000000 0.000000 0.000000 0.001600 0.000000 0.000000 0.000000 0.000000 0.001600 0.000000 0.000000 0.000000 0.001218 0.000000 0.000000 0.001218 0.000000 0.001218
